3997.28860073645
3995.87162498291
3994.45464922937
3993.0376734758297
3991.6206977222896
3990.2037219687495
3988.7867462152094
3987.3697704616698
3985.9527947081297
3984.5358189545896
3983.1188432010495
3981.7018674475094
3980.2848916939693
3978.867915940429
3977.450940186889
3976.0339644333494
3974.6169886798093
3973.200012926269
3971.783037172729
3970.366061419189
3968.949085665649
3967.532109912109
3966.115134158569
3964.698158405029
3963.281182651489
3961.864206897949
3960.4472311444088
3959.0302553908687
3957.6132796373286
3956.196303883789
3954.779328130249
3953.3623523767087
3951.9453766231686
3950.5284008696285
3949.1114251160884
3947.6944493625483
3946.277473609008
3944.8604978554686
3943.4435221019285
3942.0265463483884
3940.6095705948483
3939.192594841308
3937.775619087768
3936.358643334228
3934.9416675806883
3933.524691827148
3932.107716073608
3930.690740320068
3929.273764566528
3927.856788812988
3926.4398130594477
3925.0228373059076
3923.605861552368
3922.188885798828
3920.7719100452878
3919.3549342917477
3917.9379585382076
3916.5209827846675
3915.1040070311274
3913.6870312775877
3912.2700555240476
3910.8530797705075
3909.4361040169674
3908.0191282634273
3906.602152509887
3905.185176756347
3903.7682010028075
3902.3512252492674
3900.9342494957273
3899.517273742187
3898.100297988647
3896.683322235107
3895.266346481567
3893.8493707280268
3892.432394974487
3891.015419220947
3889.598443467407
3888.181467713867
3886.7644919603267
3885.3475162067866
3883.9305404532465
3882.513564699707
3881.096588946167
3879.6796131926267
3878.2626374390866
3876.8456616855465
3875.4286859320064
3874.0117101784663
3872.594734424926
3871.1777586713865
3869.7607829178464
3868.3438071643063
3866.926831410766
3865.509855657226
3864.092879903686
3862.675904150146
3861.2589283966063
3859.841952643066
3858.424976889526
3857.008001135986
3855.591025382446
3854.174049628906
3852.7570738753657
3851.340098121826
3849.923122368286
3848.506146614746
3847.0891708612057
3845.6721951076656
3844.2552193541255
3842.8382436005854
3841.4212678470453
3840.0042920935057
3838.5873163399656
3837.1703405864255
3835.7533648328854
3834.3363890793453
3832.919413325805
3831.502437572265
3830.0854618187254
3828.6684860651853
3827.2515103116452
3825.834534558105
3824.417558804565
3823.000583051025
3821.583607297485
3820.1666315439447
3818.749655790405
3817.332680036865
3815.915704283325
3814.498728529785
3813.0817527762447
3811.6647770227046
3810.2478012691645
3808.830825515625
3807.4138497620847
3805.9968740085446
3804.5798982550045
3803.1629225014644
3801.7459467479243
3800.3289709943842
3798.9119952408446
3797.4950194873045
3796.0780437337644
3794.6610679802243
3793.244092226684
3791.827116473144
3790.410140719604
3788.993164966064
3787.5761892125242
3786.159213458984
3784.742237705444
3783.325261951904
3781.908286198364
3780.4913104448237
3779.0743346912836
3777.657358937744
3776.240383184204
3774.823407430664
3773.4064316771237
3771.9894559235836
3770.5724801700435
3769.1555044165034
3767.7385286629637
3766.3215529094236
3764.9045771558835
3763.4876014023434
3762.0706256488033
3760.6536498952632
3759.236674141723
3757.819698388183
3756.4027226346434
3754.9857468811033
3753.568771127563
3752.151795374023
3750.734819620483
3749.317843866943
3747.900868113403
3746.483892359863
3745.066916606323
3743.649940852783
3742.232965099243
3740.8159893457027
3739.3990135921626
3737.9820378386225
3736.5650620850824
3735.148086331543
3733.7311105780027
3732.3141348244626
3730.8971590709225
3729.4801833173824
3728.0632075638423
3726.646231810302
3725.2292560567626
3723.8122803032225
3722.3953045496824
3720.9783287961423
3719.561353042602
3718.144377289062
3716.727401535522
3715.3104257819823
3713.893450028442
3712.476474274902
3711.059498521362
3709.642522767822
3708.225547014282
3706.8085712607417
3705.3915955072016
3703.974619753662
3702.557644000122
3701.1406682465818
3699.7236924930417
3698.3067167395016
3696.8897409859615
3695.4727652324214
3694.0557894788817
3692.6388137253416
3691.2218379718015
3689.8048622182614
3688.3878864647213
3686.970910711181
3685.553934957641
3684.136959204101
3682.7199834505614
3681.3030076970213
3679.886031943481
3678.469056189941
3677.052080436401
3675.635104682861
3674.2181289293208
3672.801153175781
3671.384177422241
3669.967201668701
3668.550225915161
3667.1332501616207
3665.7162744080806
3664.2992986545405
3662.882322901001
3661.4653471474608
3660.0483713939207
3658.6313956403806
3657.2144198868405
3655.7974441333004
3654.3804683797603
3652.96349262622
3651.5465168726805
3650.1295411191404
3648.7125653656003
3647.29558961206
3645.87861385852
3644.46163810498
3643.04466235144
3641.6276865979003
3640.21071084436
3638.79373509082
3637.37675933728
3635.95978358374
3634.5428078301998
3633.1258320766597
3631.7088563231196
3630.29188056958
3628.87490481604
3627.4579290624997
3626.0409533089596
3624.6239775554195
3623.2070018018794
3621.7900260483393
3620.3730502947997
3618.9560745412596
3617.5390987877195
3616.1221230341794
3614.7051472806393
3613.288171527099
3611.871195773559
3610.4542200200194
3609.0372442664793
3607.620268512939
3606.203292759399
3604.786317005859
3603.369341252319
3601.952365498779
3600.5353897452387
3599.118413991699
3597.701438238159
3596.284462484619
3594.8674867310788
3593.4505109775387
3592.0335352239986
3590.6165594704585
3589.199583716919
3587.7826079633787
3586.3656322098386
3584.9486564562985
3583.5316807027584
3582.1147049492183
3580.697729195678
3579.280753442138
3577.8637776885985
3576.4468019350584
3575.0298261815183
3573.612850427978
3572.195874674438
3570.778898920898
3569.361923167358
3567.944947413818
3566.527971660278
3565.110995906738
3563.694020153198
3562.277044399658
3560.8600686461177
3559.4430928925776
3558.026117139038
3556.609141385498
3555.192165631958
3553.7751898784177
3552.3582141248776
3550.9412383713375
3549.5242626177974
3548.1072868642573
3546.6903111107176
3545.2733353571775
3543.8563596036374
3542.4393838500973
3541.0224080965572
3539.605432343017
3538.188456589477
3536.7714808359374
3535.3545050823973
3533.937529328857
3532.520553575317
3531.103577821777
3529.686602068237
3528.269626314697
3526.8526505611567
3525.435674807617
3524.018699054077
3522.601723300537
3521.1847475469967
3519.7677717934566
3518.3507960399165
3516.9338202863764
3515.516844532837
3514.0998687792967
3512.6828930257566
3511.2659172722165
3509.8489415186764
3508.4319657651363
3507.014990011596
3505.5980142580565
3504.1810385045164
3502.7640627509763
3501.3470869974362
3499.930111243896
3498.513135490356
3497.096159736816
3495.679183983276
3494.262208229736
3492.845232476196
3491.428256722656
3490.011280969116
3488.594305215576
3487.1773294620357
3485.7603537084956
3484.343377954956
3482.926402201416
3481.5094264478757
3480.0924506943356
3478.6754749407955
3477.2584991872554
3475.8415234337153
3474.4245476801752
3473.0075719266356
3471.5905961730955
3470.1736204195554
3468.7566446660153
3467.339668912475
3465.922693158935
3464.505717405395
3463.0887416518553
3461.6717658983152
3460.254790144775
3458.837814391235
3457.420838637695
3456.003862884155
3454.5868871306147
3453.169911377075
3451.752935623535
3450.335959869995
3448.918984116455
3447.5020083629147
3446.0850326093746
3444.6680568558345
3443.2510811022944
3441.8341053487547
3440.4171295952146
3439.0001538416745
3437.5831780881344
3436.1662023345943
3434.7492265810542
3433.332250827514
3431.9152750739745
3430.4982993204344
3429.0813235668943
3427.664347813354
3426.247372059814
3424.830396306274
3423.413420552734
3421.9964447991943
3420.579469045654
3419.162493292114
3417.745517538574
3416.328541785034
3414.9115660314937
3413.4945902779536
3412.0776145244135
3410.660638770874
3409.243663017334
3407.8266872637937
3406.4097115102536
3404.9927357567135
3403.5757600031734
3402.1587842496333
3400.7418084960937
3399.3248327425536
3397.9078569890135
3396.4908812354734
3395.0739054819333
3393.656929728393
3392.239953974853
3390.822978221313
3389.4060024677733
3387.989026714233
3386.572050960693
3385.155075207153
3383.738099453613
3382.321123700073
3380.9041479465327
3379.487172192993
3378.070196439453
3376.653220685913
3375.2362449323728
3373.8192691788327
3372.4022934252926
3370.9853176717525
3369.568341918213
3368.1513661646727
3366.7343904111326
3365.3174146575925
3363.9004389040524
3362.4834631505123
3361.066487396972
3359.649511643432
3358.2325358898925
3356.8155601363524
3355.3985843828123
3353.981608629272
3352.564632875732
3351.147657122192
3349.730681368652
3348.313705615112
3346.896729861572
3345.479754108032
3344.062778354492
3342.645802600952
3341.2288268474117
3339.8118510938716
3338.3948753403315
3336.977899586792
3335.5609238332518
3334.1439480797117
3332.7269723261716
3331.3099965726315
3329.8930208190914
3328.4760450655513
3327.0590693120116
3325.6420935584715
3324.2251178049314
3322.8081420513913
3321.391166297851
3319.974190544311
3318.557214790771
3317.1402390372314
3315.7232632836913
3314.306287530151
3312.889311776611
3311.472336023071
3310.055360269531
3308.6383845159908
3307.2214087624507
3305.804433008911
3304.387457255371
3302.970481501831
3301.5535057482907
3300.1365299947506
3298.7195542412105
3297.3025784876704
3295.8856027341308
3294.4686269805907
3293.0516512270506
3291.6346754735105
3290.2176997199704
3288.8007239664303
3287.38374821289
3285.96677245935
3284.5497967058104
3283.1328209522703
3281.71584519873
3280.29886944519
3278.88189369165
3277.46491793811
3276.04794218457
3274.63096643103
3273.21399067749
3271.79701492395
3270.38003917041
3268.9630634168698
3267.5460876633297
3266.1291119097896
3264.71213615625
3263.29516040271
3261.8781846491697
3260.4612088956296
3259.0442331420895
3257.6272573885494
3256.2102816350093
3254.793305881469
3253.3763301279296
3251.9593543743895
3250.5423786208494
3249.1254028673093
3247.708427113769
3246.291451360229
3244.874475606689
3243.4574998531493
3242.0405240996092
3240.623548346069
3239.206572592529
3237.789596838989
3236.372621085449
3234.9556453319087
3233.5386695783686
3232.121693824829
3230.704718071289
3229.287742317749
3227.8707665642087
3226.4537908106686
3225.0368150571285
3223.6198393035884
3222.2028635500487
3220.7858877965086
3219.3689120429685
3217.9519362894284
3216.5349605358883
3215.1179847823482
3213.701009028808
3212.2840332752685
3210.8670575217284
3209.4500817681883
3208.033106014648
3206.616130261108
3205.199154507568
3203.782178754028
3202.365203000488
3200.948227246948
3199.531251493408
3198.114275739868
3196.697299986328
3195.2803242327877
3193.8633484792476
3192.4463727257075
3191.029396972168
3189.612421218628
3188.1954454650877
3186.7784697115476
3185.3614939580075
3183.9445182044674
3182.5275424509273
3181.110566697387
3179.6935909438475
3178.2766151903074
3176.8596394367673
3175.4426636832272
3174.025687929687
3172.608712176147
3171.191736422607
3169.7747606690673
3168.357784915527
3166.940809161987
3165.523833408447
3164.106857654907
3162.689881901367
3161.2729061478267
3159.855930394287
3158.438954640747
3157.021978887207
3155.6050031336667
3154.1880273801266
3152.7710516265865
3151.3540758730464
3149.9371001195063
3148.5201243659667
3147.1031486124266
3145.6861728588865
3144.2691971053464
3142.8522213518063
3141.435245598266
3140.018269844726
3138.6012940911864
3137.1843183376463
3135.7673425841062
3134.350366830566
3132.933391077026
3131.516415323486
3130.099439569946
3128.682463816406
3127.265488062866
3125.848512309326
3124.431536555786
3123.014560802246
3121.5975850487057
3120.1806092951656
3118.7636335416255
3117.346657788086
3115.9296820345457
3114.5127062810056
3113.0957305274655
3111.6787547739254
3110.2617790203853
3108.8448032668452
3107.4278275133056
3106.0108517597655
3104.5938760062254
3103.1769002526853
3101.759924499145
3100.342948745605
3098.925972992065
3097.508997238525
3096.0920214849853
3094.675045731445
3093.258069977905
3091.841094224365
3090.424118470825
3089.0071427172848
3087.5901669637447
3086.173191210205
3084.756215456665
3083.339239703125
3081.9222639495847
3080.5052881960446
3079.0883124425045
3077.6713366889644
3076.2543609354248
3074.8373851818847
3073.4204094283446
3072.0034336748045
3070.5864579212644
3069.1694821677243
3067.752506414184
3066.335530660644
3064.9185549071044
3063.5015791535643
3062.084603400024
3060.667627646484
3059.250651892944
3057.833676139404
3056.416700385864
3054.999724632324
3053.582748878784
3052.165773125244
3050.748797371704
3049.3318216181638
3047.9148458646237
3046.4978701110836
3045.0808943575435
3043.663918604004
3042.2469428504637
3040.8299670969236
3039.4129913433835
3037.9960155898434
3036.5790398363033
3035.162064082763
3033.7450883292236
3032.3281125756835
3030.9111368221434
3029.4941610686033
3028.077185315063
3026.660209561523
3025.243233807983
3023.8262580544433
3022.409282300903
3020.992306547363
3019.575330793823
3018.158355040283
3016.741379286743
3015.3244035332027
3013.9074277796626
3012.490452026123
3011.073476272583
3009.6565005190428
3008.2395247655027
3006.8225490119626
3005.4055732584225
3003.9885975048824
3002.5716217513427
3001.1546459978026
2999.7376702442625
2998.3206944907224
2996.9037187371823
2995.486742983642
2994.069767230102
2992.652791476562
2991.2358157230224
2989.8188399694823
2988.401864215942
2986.984888462402
2985.567912708862
2984.150936955322
2982.7339612017818
2981.316985448242
2979.900009694702
2978.483033941162
2977.066058187622
2975.6490824340817
2974.2321066805416
2972.8151309270015
2971.398155173462
2969.981179419922
2968.5642036663817
2967.1472279128416
2965.7302521593015
2964.3132764057614
2962.8963006522213
2961.479324898681
2960.0623491451415
2958.6453733916014
2957.2283976380613
2955.811421884521
2954.394446130981
2952.977470377441
2951.560494623901
2950.1435188703613
2948.726543116821
2947.309567363281
2945.892591609741
2944.475615856201
2943.058640102661
2941.6416643491207
2940.2246885955806
2938.807712842041
2937.390737088501
2935.9737613349607
2934.5567855814206
2933.1398098278805
2931.7228340743404
2930.3058583208003
2928.8888825672607
2927.4719068137206
2926.0549310601805
2924.6379553066404
2923.2209795531003
2921.80400379956
2920.38702804602
2918.9700522924804
2917.5530765389403
2916.1361007854002
2914.71912503186
2913.30214927832
2911.88517352478
2910.46819777124
2909.0512220176997
2907.63424626416
2906.21727051062
2904.80029475708
2903.38331900354
2901.9663432499997
2900.5493674964596
2899.1323917429195
2897.71541598938
2896.2984402358397
2894.8814644822996
2893.4644887287595
2892.0475129752194
2890.6305372216793
2889.2135614681392
2887.796585714599
2886.3796099610595
2884.9626342075194
2883.5456584539793
2882.128682700439
2880.711706946899
2879.294731193359
2877.877755439819
2876.4607796862792
2875.043803932739
2873.626828179199
2872.209852425659
2870.792876672119
2869.3759009185787
2867.9589251650386
2866.541949411499
2865.124973657959
2863.707997904419
2862.2910221508787
2860.8740463973386
2859.4570706437985
2858.0400948902584
2856.6231191367183
2855.2061433831786
2853.7891676296385
2852.3721918760984
2850.9552161225583
2849.5382403690182
2848.121264615478
2846.704288861938
2845.2873131083984
2843.8703373548583
2842.453361601318
2841.036385847778
2839.619410094238
2838.202434340698
2836.785458587158
2835.3684828336177
2833.951507080078
2832.534531326538
2831.117555572998
2829.7005798194577
2828.2836040659176
2826.8666283123775
2825.4496525588374
2824.032676805298
2822.6157010517577
2821.1987252982176
2819.7817495446775
2818.3647737911374
2816.9477980375973
2815.530822284057
2814.1138465305175
2812.6968707769774
2811.2798950234373
2809.8629192698972
2808.445943516357
2807.028967762817
2805.611992009277
2804.195016255737
2802.778040502197
2801.361064748657
2799.944088995117
2798.527113241577
2797.110137488037
2795.6931617344967
2794.2761859809566
2792.859210227417
2791.442234473877
2790.0252587203368
2788.6082829667967
2787.1913072132566
2785.7743314597164
2784.3573557061763
2782.9403799526367
2781.5234041990966
2780.1064284455565
2778.6894526920164
2777.2724769384763
2775.855501184936
2774.438525431396
2773.021549677856
2771.6045739243164
2770.1875981707763
2768.770622417236
2767.353646663696
2765.936670910156
2764.519695156616
2763.1027194030758
2761.685743649536
2760.268767895996
2758.851792142456
2757.434816388916
2756.0178406353757
2754.6008648818356
2753.1838891282955
2751.7669133747554
2750.3499376212158
2748.9329618676757
2747.5159861141356
2746.0990103605955
2744.6820346070554
2743.2650588535153
2741.848083099975
2740.4311073464355
2739.0141315928954
2737.5971558393553
2736.180180085815
2734.763204332275
2733.346228578735
2731.929252825195
2730.5122770716553
2729.095301318115
2727.678325564575
2726.261349811035
2724.844374057495
2723.4273983039548
2722.0104225504147
2720.5934467968746
2719.176471043335
2717.759495289795
2716.3425195362547
2714.9255437827146
2713.5085680291745
2712.0915922756344
2710.6746165220943
2709.2576407685547
2707.8406650150146
2706.4236892614745
2705.0067135079344
2703.5897377543943
2702.172762000854
2700.755786247314
2699.338810493774
2697.9218347402343
2696.504858986694
2695.087883233154
2693.670907479614
2692.253931726074
2690.836955972534
2689.4199802189937
2688.003004465454
2686.586028711914
2685.169052958374
2683.7520772048338
2682.3351014512937
2680.9181256977536
2679.5011499442135
2678.084174190674
2676.6671984371337
2675.2502226835936
2673.8332469300535
2672.4162711765134
2670.9992954229733
2669.582319669433
2668.165343915893
2666.7483681623535
2665.3313924088134
2663.9144166552733
2662.497440901733
2661.080465148193
2659.663489394653
2658.246513641113
2656.829537887573
2655.412562134033
2653.995586380493
2652.578610626953
2651.161634873413
2649.7446591198727
2648.3276833663326
2646.9107076127925
2645.493731859253
2644.076756105713
2642.6597803521727
2641.2428045986326
2639.8258288450925
2638.4088530915524
2636.9918773380123
2635.5749015844726
2634.1579258309325
2632.7409500773924
2631.3239743238523
2629.906998570312
2628.490022816772
2627.073047063232
2625.6560713096924
2624.2390955561523
2622.822119802612
2621.405144049072
2619.988168295532
2618.571192541992
2617.154216788452
2615.7372410349117
2614.320265281372
2612.903289527832
2611.486313774292
2610.0693380207517
2608.6523622672116
2607.2353865136715
2605.8184107601314
2604.401435006592
2602.9844592530517
2601.5674834995116
2600.1505077459715
2598.7335319924314
2597.3165562388913
2595.899580485351
2594.482604731811
2593.0656289782714
2591.6486532247313
2590.2316774711912
2588.814701717651
2587.397725964111
2585.980750210571
2584.563774457031
2583.146798703491
2581.729822949951
2580.312847196411
2578.895871442871
2577.478895689331
2576.0619199357907
2574.6449441822506
2573.227968428711
2571.810992675171
2570.3940169216307
2568.9770411680906
2567.5600654145505
2566.1430896610104
2564.7261139074703
2563.3091381539302
2561.8921624003906
2560.4751866468505
2559.0582108933104
2557.6412351397703
2556.22425938623
2554.80728363269
2553.39030787915
2551.9733321256103
2550.5563563720702
2549.13938061853
2547.72240486499
2546.30542911145
2544.88845335791
2543.4714776043697
2542.0545018508296
2540.63752609729
2539.22055034375
2537.80357459021
2536.3865988366697
2534.9696230831296
2533.5526473295895
2532.1356715760494
2530.7186958225097
2529.3017200689696
2527.8847443154295
2526.4677685618894
2525.0507928083493
2523.6338170548092
2522.216841301269
2520.7998655477295
2519.3828897941894
2517.9659140406493
2516.548938287109
2515.131962533569
2513.714986780029
2512.298011026489
2510.881035272949
2509.464059519409
2508.047083765869
2506.630108012329
2505.213132258789
2503.7961565052487
2502.3791807517086
2500.9622049981685
2499.545229244629
2498.128253491089
2496.7112777375487
2495.2943019840086
2493.8773262304685
2492.4603504769284
2491.0433747233883
2489.6263989698487
2488.2094232163086
2486.7924474627685
2485.3754717092283
2483.9584959556882
2482.541520202148
2481.124544448608
2479.707568695068
2478.2905929415283
2476.873617187988
2475.456641434448
2474.039665680908
2472.622689927368
2471.205714173828
2469.7887384202877
2468.371762666748
2466.954786913208
2465.537811159668
2464.1208354061278
2462.7038596525877
2461.2868838990476
2459.8699081455075
2458.4529323919674
2457.0359566384277
2455.6189808848876
2454.2020051313475
2452.7850293778074
2451.3680536242673
2449.951077870727
2448.534102117187
2447.117126363647
2445.700150610107
2444.2831748565673
2442.866199103027
2441.449223349487
2440.032247595947
2438.615271842407
2437.1982960888668
2435.7813203353267
2434.364344581787
2432.947368828247
2431.530393074707
2430.1134173211667
2428.6964415676266
2427.2794658140865
2425.8624900605464
2424.4455143070063
2423.0285385534667
2421.6115627999266
2420.1945870463865
2418.7776112928464
2417.3606355393063
2415.943659785766
2414.526684032226
2413.1097082786864
2411.6927325251463
2410.275756771606
2408.858781018066
2407.441805264526
2406.024829510986
2404.607853757446
2403.190878003906
2401.773902250366
2400.356926496826
2398.939950743286
2397.5229749897458
2396.1059992362057
2394.6890234826656
2393.2720477291255
2391.855071975586
2390.4380962220457
2389.0211204685056
2387.6041447149655
2386.1871689614254
2384.7701932078853
2383.353217454345
2381.9362417008056
2380.5192659472655
2379.1022901937254
2377.6853144401853
2376.268338686645
2374.851362933105
2373.434387179565
2372.017411426025
2370.600435672485
2369.183459918945
2367.766484165405
2366.349508411865
2364.932532658325
2363.5155569047847
2362.0985811512446
2360.681605397705
2359.264629644165
2357.8476538906248
2356.4306781370847
2355.0137023835446
2353.5967266300045
2352.1797508764644
2350.7627751229247
2349.3457993693846
2347.9288236158445
2346.5118478623044
2345.0948721087643
2343.677896355224
2342.260920601684
2340.843944848144
2339.4269690946044
2338.0099933410643
2336.593017587524
2335.176041833984
2333.759066080444
2332.342090326904
2330.9251145733638
2329.508138819824
2328.091163066284
2326.674187312744
2325.257211559204
2323.8402358056637
2322.4232600521236
2321.0062842985835
2319.5893085450434
2318.172332791504
2316.7553570379637
2315.3383812844236
2313.9214055308835
2312.5044297773434
2311.0874540238033
2309.670478270263
2308.2535025167235
2306.8365267631834
2305.4195510096433
2304.0025752561032
2302.585599502563
2301.168623749023
2299.751647995483
2298.3346722419433
2296.917696488403
2295.500720734863
2294.083744981323
2292.666769227783
2291.249793474243
2289.8328177207027
2288.4158419671626
2286.998866213623
2285.581890460083
2284.1649147065427
2282.7479389530026
2281.3309631994625
2279.9139874459224
2278.4970116923823
2277.0800359388427
2275.6630601853026
2274.2460844317625
2272.8291086782224
2271.4121329246823
2269.995157171142
2268.578181417602
2267.161205664062
2265.7442299105223
2264.3272541569822
2262.910278403442
2261.493302649902
2260.076326896362
2258.659351142822
2257.2423753892817
2255.825399635742
2254.408423882202
2252.991448128662
2251.574472375122
2250.1574966215817
2248.7405208680416
2247.3235451145015
2245.906569360962
2244.4895936074217
2243.0726178538816
2241.6556421003415
2240.2386663468014
2238.8216905932613
2237.4047148397212
2235.987739086181
2234.5707633326415
2233.1537875791014
2231.7368118255613
2230.319836072021
2228.902860318481
2227.485884564941
2226.068908811401
2224.6519330578612
2223.234957304321
2221.817981550781
2220.401005797241
2218.984030043701
2217.5670542901607
2216.1500785366206
2214.7331027830805
2213.316127029541
2211.899151276001
2210.4821755224607
2209.0651997689206
2207.6482240153805
2206.2312482618404
2204.8142725083003
2203.3972967547606
2201.9803210012205
2200.5633452476804
2199.1463694941403
2197.7293937406002
2196.31241798706
2194.89544223352
2193.4784664799804
2192.0614907264403
2190.6445149729
2189.22753921936
2187.81056346582
2186.39358771228
2184.97661195874
2183.5596362051997
2182.14266045166
2180.72568469812
2179.30870894458
2177.8917331910397
2176.4747574374996
2175.0577816839595
2173.6408059304194
2172.22383017688
2170.8068544233397
2169.3898786697996
2167.9729029162595
2166.5559271627194
2165.1389514091793
2163.721975655639
2162.304999902099
2160.8880241485595
2159.4710483950194
2158.0540726414793
2156.637096887939
2155.220121134399
2153.803145380859
2152.386169627319
2150.969193873779
2149.552218120239
2148.135242366699
2146.718266613159
2145.301290859619
2143.8843151060787
2142.4673393525386
2141.050363598999
2139.633387845459
2138.2164120919188
2136.7994363383787
2135.3824605848386
2133.9654848312985
2132.5485090777584
2131.1315333242183
2129.7145575706786
2128.2975818171385
2126.8806060635984
2125.4636303100583
2124.046654556518
2122.629678802978
2121.212703049438
2119.7957272958984
2118.3787515423583
2116.961775788818
2115.544800035278
2114.127824281738
2112.710848528198
2111.2938727746578
2109.8768970211177
2108.459921267578
2107.042945514038
2105.625969760498
2104.2089940069577
2102.7920182534176
2101.3750424998775
2099.9580667463374
2098.5410909927978
2097.1241152392577
2095.7071394857176
2094.2901637321775
2092.8731879786374
2091.4562122250973
2090.039236471557
2088.6222607180175
2087.2052849644774
2085.7883092109373
2084.371333457397
2082.954357703857
2081.537381950317
2080.120406196777
2078.703430443237
2077.286454689697
2075.869478936157
2074.452503182617
2073.035527429077
2071.6185516755368
2070.2015759219967
2068.7846001684566
2067.367624414917
2065.950648661377
2064.5336729078367
2063.1166971542966
2061.6997214007565
2060.2827456472164
2058.8657698936763
2057.4487941401367
2056.0318183865966
2054.6148426330565
2053.1978668795164
2051.7808911259763
2050.363915372436
2048.946939618896
2047.5299638653562
2046.1129881118163
2044.6960123582762
2043.2790366047361
2041.862060851196
2040.4450850976561
2039.028109344116
2037.611133590576
2036.194157837036
2034.777182083496
2033.3602063299559
2031.9432305764158
2030.526254822876
2029.1092790693358
2027.6923033157957
2026.2753275622556
2024.8583518087157
2023.4413760551756
2022.0244003016355
2020.6074245480957
2019.1904487945556
2017.7734730410154
2016.3564972874753
2014.9395215339355
2013.5225457803954
2012.1055700268553
2010.6885942733152
2009.2716185197753
2007.8546427662352
2006.437667012695
2005.0206912591552
2003.6037155056151
2002.186739752075
2000.769763998535
1999.352788244995
1997.935812491455
1996.5188367379149
1995.1018609843748
1993.6848852308349
1992.2679094772948
1990.8509337237547
1989.4339579702146
1988.0169822166747
1986.6000064631346
1985.1830307095945
1983.7660549560546
1982.3490792025145
1980.9321034489744
1979.5151276954343
1978.0981519418945
1976.6811761883544
1975.2642004348143
1973.8472246812742
1972.4302489277343
1971.0132731741942
1969.596297420654
1968.1793216671142
1966.762345913574
1965.345370160034
1963.928394406494
1962.511418652954
1961.094442899414
1959.6774671458738
1958.2604913923337
1956.8435156387939
1955.4265398852538
1954.0095641317137
1952.5925883781738
1951.1756126246337
1949.7586368710936
1948.3416611175535
1946.9246853640136
1945.5077096104735
1944.0907338569334
1942.6737581033933
1941.2567823498534
1939.8398065963133
1938.4228308427732
1937.0058550892331
1935.5888793356933
1934.1719035821532
1932.754927828613
1931.3379520750732
1929.920976321533
1928.504000567993
1927.087024814453
1925.670049060913
1924.253073307373
1922.8360975538328
1921.4191218002927
1920.0021460467528
1918.5851702932127
1917.1681945396726
1915.7512187861328
1914.3342430325927
1912.9172672790526
1911.5002915255125
1910.0833157719726
1908.6663400184325
1907.2493642648924
1905.8323885113523
1904.4154127578124
1902.9984370042723
1901.5814612507322
1900.1644854971923
1898.7475097436522
1897.3305339901121
1895.913558236572
1894.4965824830322
1893.079606729492
1891.662630975952
1890.2456552224119
1888.828679468872
1887.411703715332
1885.9947279617918
1884.577752208252
1883.1607764547118
1881.7438007011717
1880.3268249476316
1878.9098491940917
1877.4928734405516
1876.0758976870115
1874.6589219334714
1873.2419461799316
1871.8249704263915
1870.4079946728514
1868.9910189193113
1867.5740431657714
1866.1570674122313
1864.7400916586912
1863.3231159051513
1861.9061401516112
1860.4891643980711
1859.072188644531
1857.6552128909912
1856.238237137451
1854.821261383911
1853.4042856303709
1851.987309876831
1850.5703341232909
1849.1533583697508
1847.736382616211
1846.3194068626708
1844.9024311091307
1843.4854553555906
1842.0684796020507
1840.6515038485106
1839.2345280949705
1837.8175523414304
1836.4005765878906
1834.9836008343505
1833.5666250808104
1832.1496493272705
1830.7326735737304
1829.3156978201903
1827.8987220666502
1826.4817463131103
1825.0647705595702
1823.64779480603
1822.23081905249
1820.8138432989501
1819.39686754541
1817.97989179187
1816.5629160383298
1815.14594028479
1813.7289645312499
1812.3119887777098
1810.8950130241699
1809.4780372706298
1808.0610615170897
1806.6440857635496
1805.2271100100097
1803.8101342564696
1802.3931585029295
1800.9761827493894
1799.5592069958495
1798.1422312423094
1796.7252554887693
1795.3082797352295
1793.8913039816894
1792.4743282281493
1791.0573524746092
1789.6403767210693
1788.2234009675292
1786.806425213989
1785.389449460449
1783.972473706909
1782.555497953369
1781.138522199829
1779.721546446289
1778.304570692749
1776.8875949392088
1775.4706191856687
1774.0536434321289
1772.6366676785888
1771.2196919250487
1769.8027161715086
1768.3857404179687
1766.9687646644286
1765.5517889108885
1764.1348131573486
1762.7178374038085
1761.3008616502684
1759.8838858967283
1758.4669101431884
1757.0499343896483
1755.6329586361082
1754.2159828825681
1752.7990071290283
1751.3820313754882
1749.965055621948
1748.548079868408
1747.131104114868
1745.714128361328
1744.297152607788
1742.880176854248
1741.463201100708
1740.0462253471678
1738.6292495936277
1737.2122738400878
1735.7952980865477
1734.3783223330076
1732.9613465794675
1731.5443708259277
1730.1273950723876
1728.7104193188475
1727.2934435653076
1725.8764678117675
1724.4594920582274
1723.0425163046873
1721.6255405511474
1720.2085647976073
1718.7915890440672
1717.3746132905271
1715.9576375369872
1714.5406617834471
1713.123686029907
1711.7067102763672
1710.289734522827
1708.872758769287
1707.4557830157469
1706.038807262207
1704.621831508667
1703.2048557551268
1701.7878800015867
1700.3709042480468
1698.9539284945067
1697.5369527409666
1696.1199769874265
1694.7030012338867
1693.2860254803466
1691.8690497268065
1690.4520739732666
1689.0350982197265
1687.6181224661864
1686.2011467126463
1684.7841709591064
1683.3671952055663
1681.9502194520262
1680.533243698486
1679.1162679449462
1677.6992921914061
1676.282316437866
1674.8653406843262
1673.448364930786
1672.031389177246
1670.6144134237059
1669.197437670166
1667.7804619166259
1666.3634861630858
1664.9465104095457
1663.5295346560058
1662.1125589024657
1660.6955831489256
1659.2786073953857
1657.8616316418456
1656.4446558883055
1655.0276801347654
1653.6107043812256
1652.1937286276855
1650.7767528741454
1649.3597771206053
1647.9428013670654
1646.5258256135253
1645.1088498599852
1643.691874106445
1642.2748983529052
1640.857922599365
1639.440946845825
1638.0239710922851
1636.606995338745
1635.190019585205
1633.7730438316648
1632.356068078125
1630.9390923245849
1629.5221165710448
1628.1051408175047
1626.6881650639648
1625.2711893104247
1623.8542135568846
1622.4372378033447
1621.0202620498046
1619.6032862962645
1618.1863105427244
1616.7693347891845
1615.3523590356444
1613.9353832821043
1612.5184075285642
1611.1014317750244
1609.6844560214843
1608.2674802679442
1606.8505045144043
1605.4335287608642
1604.016553007324
1602.599577253784
1601.1826015002441
1599.765625746704
1598.348649993164
1596.9316742396238
1595.514698486084
1594.0977227325438
1592.6807469790037
1591.2637712254639
1589.8467954719238
1588.4298197183837
1587.0128439648436
1585.5958682113037
1584.1788924577636
1582.7619167042235
1581.3449409506834
1579.9279651971435
1578.5109894436034
1577.0940136900633
1575.6770379365232
1574.2600621829833
1572.8430864294432
1571.4261106759031
1570.0091349223633
1568.5921591688232
1567.175183415283
1565.758207661743
1564.341231908203
1562.924256154663
1561.507280401123
1560.0903046475828
1558.673328894043
1557.2563531405028
1555.8393773869627
1554.4224016334229
1553.0054258798828
1551.5884501263427
1550.1714743728025
1548.7544986192627
1547.3375228657226
1545.9205471121825
1544.5035713586424
1543.0865956051025
1541.6696198515624
1540.2526440980223
1538.8356683444824
1537.4186925909423
1536.0017168374022
1534.5847410838621
1533.1677653303223
1531.7507895767822
1530.333813823242
1528.916838069702
1527.499862316162
1526.082886562622
1524.6659108090819
1523.2489350555418
1521.831959302002
1520.4149835484618
1518.9980077949217
1517.5810320413818
1516.1640562878417
1514.7470805343016
1513.3301047807615
1511.9131290272217
1510.4961532736816
1509.0791775201415
1507.6622017666014
1506.2452260130615
1504.8282502595214
1503.4112745059813
1501.9942987524414
1500.5773229989013
1499.1603472453612
1497.743371491821
1496.3263957382812
1494.9094199847411
1493.492444231201
1492.075468477661
1490.658492724121
1489.241516970581
1487.8245412170409
1486.407565463501
1484.990589709961
1483.5736139564208
1482.1566382028807
1480.7396624493408
1479.3226866958007
1477.9057109422606
1476.4887351887205
1475.0717594351806
1473.6547836816405
1472.2378079281004
1470.8208321745603
1469.4038564210205
1467.9868806674804
1466.5699049139403
1465.1529291604004
1463.7359534068603
1462.3189776533202
1460.90200189978
1459.4850261462402
1458.0680503927001
1456.65107463916
1455.23409888562
1453.81712313208
1452.40014737854
1450.9831716249998
1449.56619587146
1448.1492201179199
1446.7322443643798
1445.3152686108397
1443.8982928572998
1442.4813171037597
1441.0643413502196
1439.6473655966795
1438.2303898431396
1436.8134140895995
1435.3964383360594
1433.9794625825195
1432.5624868289794
1431.1455110754393
1429.7285353218992
1428.3115595683594
1426.8945838148193
1425.4776080612792
1424.060632307739
1422.643656554199
1421.226680800659
1419.809705047119
1418.392729293579
1416.975753540039
1415.558777786499
1414.1418020329588
1412.7248262794187
1411.3078505258788
1409.8908747723387
1408.4738990187986
1407.0569232652585
1405.6399475117187
1404.2229717581786
1402.8059960046385
1401.3890202510986
1399.9720444975585
1398.5550687440184
1397.1380929904783
1395.7211172369384
1394.3041414833983
1392.8871657298582
1391.4701899763181
1390.0532142227783
1388.6362384692382
1387.219262715698
1385.802286962158
1384.385311208618
1382.968335455078
1381.5513597015379
1380.134383947998
1378.717408194458
1377.3004324409178
1375.8834566873777
1374.4664809338378
1373.0495051802977
1371.6325294267576
1370.2155536732175
1368.7985779196777
1367.3816021661376
1365.9646264125975
1364.5476506590576
1363.1306749055175
1361.7136991519774
1360.2967233984373
1358.8797476448974
1357.4627718913573
1356.0457961378172
1354.628820384277
1353.2118446307372
1351.7948688771971
1350.377893123657
1348.9609173701172
1347.543941616577
1346.126965863037
1344.7099901094969
1343.293014355957
1341.8760386024169
1340.4590628488768
1339.0420870953367
1337.6251113417968
1336.2081355882567
1334.7911598347166
1333.3741840811765
1331.9572083276366
1330.5402325740965
1329.1232568205564
1327.7062810670166
1326.2893053134765
1324.8723295599364
1323.4553538063963
1322.0383780528564
1320.6214022993163
1319.2044265457762
1317.787450792236
1316.3704750386962
1314.953499285156
1313.536523531616
1312.1195477780761
1310.702572024536
1309.285596270996
1307.8686205174558
1306.451644763916
1305.0346690103759
1303.6176932568358
1302.2007175032957
1300.7837417497558
1299.3667659962157
1297.9497902426756
1296.5328144891357
1295.1158387355956
1293.6988629820555
1292.2818872285154
1290.8649114749755
1289.4479357214354
1288.0309599678953
1286.6139842143552
1285.1970084608154
1283.7800327072753
1282.3630569537352
1280.946081200195
1279.5291054466552
1278.112129693115
1276.695153939575
1275.2781781860351
1273.861202432495
1272.444226678955
1271.0272509254148
1269.610275171875
1268.1932994183348
1266.7763236647947
1265.3593479112546
1263.9423721577148
1262.5253964041747
1261.1084206506346
1259.6914448970947
1258.2744691435546
1256.8574933900145
1255.4405176364744
1254.0235418829345
1252.6065661293944
1251.1895903758543
1249.7726146223142
1248.3556388687743
1246.9386631152342
1245.5216873616941
1244.1047116081543
1242.6877358546142
1241.270760101074
1239.853784347534
1238.436808593994
1237.019832840454
1235.602857086914
1234.1858813333738
1232.768905579834
1231.3519298262938
1229.9349540727537
1228.5179783192139
1227.1010025656738
1225.6840268121337
1224.2670510585936
1222.8500753050537
1221.4330995515136
1220.0161237979735
1218.5991480444334
1217.1821722908935
1215.7651965373534
1214.3482207838133
1212.9312450302732
1211.5142692767333
1210.0972935231932
1208.6803177696531
1207.2633420161133
1205.8463662625732
1204.429390509033
1203.012414755493
1201.595439001953
1200.178463248413
1198.7614874948729
1197.3445117413328
1195.927535987793
1194.5105602342528
1193.0935844807127
1191.6766087271728
1190.2596329736327
1188.8426572200926
1187.4256814665525
1186.0087057130127
1184.5917299594726
1183.1747542059325
1181.7577784523924
1180.3408026988525
1178.9238269453124
1177.5068511917723
1176.0898754382324
1174.6728996846923
1173.2559239311522
1171.838948177612
1170.4219724240722
1169.0049966705321
1167.588020916992
1166.171045163452
1164.754069409912
1163.337093656372
1161.9201179028319
1160.5031421492918
1159.086166395752
1157.6691906422118
1156.2522148886717
1154.8352391351318
1153.4182633815917
1152.0012876280516
1150.5843118745115
1149.1673361209716
1147.7503603674315
1146.3333846138914
1144.9164088603513
1143.4994331068115
1142.0824573532714
1140.6654815997313
1139.2485058461914
1137.8315300926513
1136.4145543391112
1134.997578585571
1133.5806028320312
1132.1636270784911
1130.746651324951
1129.329675571411
1127.912699817871
1126.495724064331
1125.0787483107908
1123.661772557251
1122.2447968037109
1120.8278210501708
1119.4108452966307
1117.9938695430908
1116.5768937895507
1115.1599180360106
1113.7429422824705
1112.3259665289306
1110.9089907753905
1109.4920150218504
1108.0750392683103
1106.6580635147704
1105.2410877612303
1103.8241120076902
1102.4071362541504
1100.9901605006103
1099.5731847470702
1098.15620899353
1096.7392332399902
1095.32225748645
1093.90528173291
1092.48830597937
1091.07133022583
1089.65435447229
1088.2373787187498
1086.82040296521
1085.4034272116699
1083.9864514581297
1082.5694757045896
1081.1524999510498
1079.7355241975097
1078.3185484439696
1076.9015726904295
1075.4845969368896
1074.0676211833495
1072.6506454298094
1071.2336696762695
1069.8166939227294
1068.3997181691893
1066.9827424156492
1065.5657666621094
1064.1487909085693
1062.7318151550292
1061.314839401489
1059.8978636479492
1058.480887894409
1057.063912140869
1055.646936387329
1054.229960633789
1052.812984880249
1051.3960091267088
1049.979033373169
1048.5620576196288
1047.1450818660887
1045.7281061125486
1044.3111303590088
1042.8941546054687
1041.4771788519286
1040.0602030983885
1038.6432273448486
1037.2262515913085
1035.8092758377684
1034.3923000842285
1032.9753243306884
1031.5583485771483
1030.1413728236082
1028.7243970700683
1027.3074213165282
1025.8904455629881
1024.473469809448
1023.0564940559082
1021.6395183023681
1020.222542548828
1018.8055667952881
1017.388591041748
1015.9716152882079
1014.5546395346678
1013.1376637811279
1011.7206880275878
1010.3037122740477
1008.8867365205076
1007.4697607669677
1006.0527850134276
1004.6358092598875
1003.2188335063477
1001.8018577528076
1000.3848819992675
998.9679062457274
997.5509304921875
996.1339547386474
994.7169789851073
993.3000032315672
991.8830274780273
990.4660517244872
989.0490759709471
987.632100217407
986.2151244638671
984.798148710327
983.3811729567869
981.9641972032471
980.547221449707
979.1302456961669
977.7132699426268
976.2962941890869
974.8793184355468
973.4623426820067
972.0453669284666
970.6283911749267
969.2114154213866
967.7944396678465
966.3774639143066
964.9604881607665
963.5435124072264
962.1265366536863
960.7095609001465
959.2925851466064
957.8756093930663
956.4586336395262
955.0416578859863
953.6246821324462
952.2077063789061
950.7907306253662
949.3737548718261
947.956779118286
946.5398033647459
945.122827611206
943.705851857666
942.2888761041258
940.8719003505857
939.4549245970459
938.0379488435058
936.6209730899657
935.2039973364256
933.7870215828857
932.3700458293456
930.9530700758055
929.5360943222656
928.1191185687255
926.7021428151854
925.2851670616453
923.8681913081055
922.4512155545654
921.0342398010253
919.6172640474852
918.2002882939453
916.7833125404052
915.3663367868651
913.9493610333252
912.5323852797851
911.115409526245
909.6984337727049
908.281458019165
906.8644822656249
905.4475065120848
904.0305307585448
902.6135550050049
901.1965792514648
899.7796034979247
898.3626277443847
896.9456519908447
895.5286762373046
894.1117004837645
892.6947247302245
891.2777489766845
889.8607732231444
888.4437974696044
887.0268217160644
885.6098459625243
884.1928702089842
882.7758944554442
881.3589187019043
879.9419429483642
878.5249671948241
877.1079914412841
875.6910156877441
874.274039934204
872.857064180664
871.440088427124
870.0231126735839
868.6061369200438
867.1891611665038
865.7721854129638
864.3552096594237
862.9382339058836
861.5212581523436
860.1042823988037
858.6873066452636
857.2703308917236
855.8533551381836
854.4363793846435
853.0194036311034
851.6024278775634
850.1854521240234
848.7684763704833
847.3515006169432
845.9345248634032
844.5175491098632
843.1005733563231
841.683597602783
840.266621849243
838.8496460957031
837.432670342163
836.015694588623
834.598718835083
833.1817430815429
831.7647673280028
830.3477915744628
828.9308158209228
827.5138400673827
826.0968643138426
824.6798885603026
823.2629128067626
821.8459370532225
820.4289612996826
819.0119855461426
817.5950097926025
816.1780340390624
814.7610582855224
813.3440825319824
811.9271067784423
810.5101310249022
809.0931552713622
807.6761795178222
806.2592037642821
804.8422280107421
803.4252522572021
802.008276503662
800.591300750122
799.174324996582
797.757349243042
796.3403734895019
794.9233977359618
793.5064219824218
792.0894462288818
790.6724704753417
789.2554947218016
787.8385189682617
786.4215432147216
785.0045674611815
783.5875917076415
782.1706159541015
780.7536402005614
779.3366644470213
777.9196886934814
776.5027129399414
775.0857371864013
773.6687614328612
772.2517856793212
770.8348099257812
769.4178341722411
768.0008584187011
766.5838826651611
765.166906911621
763.7499311580809
762.3329554045409
760.915979651001
759.4990038974609
758.0820281439208
756.6650523903808
755.2480766368408
753.8311008833007
752.4141251297607
750.9971493762207
749.5801736226806
748.1631978691405
746.7462221156005
745.3292463620605
743.9122706085204
742.4952948549803
741.0783191014403
739.6613433479004
738.2443675943603
736.8273918408202
735.4104160872803
733.9934403337402
732.5764645802001
731.1594888266601
729.7425130731201
728.32553731958
726.9085615660399
725.4915858124999
724.0746100589599
722.6576343054198
721.2406585518797
719.8236827983397
718.4067070447998
716.9897312912597
715.5727555377197
714.1557797841797
712.7388040306396
711.3218282770995
709.9048525235595
708.4878767700195
707.0709010164794
705.6539252629393
704.2369495093993
702.8199737558593
701.4029980023192
699.9860222487792
698.5690464952393
697.1520707416992
695.7350949881591
694.3181192346191
692.9011434810791
691.484167727539
690.0671919739989
688.6502162204589
687.2332404669189
685.8162647133788
684.3992889598388
682.9823132062988
681.5653374527587
680.1483616992186
678.7313859456787
677.3144101921387
675.8974344385986
674.4804586850585
673.0634829315185
671.6465071779785
670.2295314244384
668.8125556708983
667.3955799173583
665.9786041638183
664.5616284102782
663.1446526567382
661.7276769031982
660.3107011496581
658.893725396118
657.476749642578
656.0597738890381
654.642798135498
653.225822381958
651.8088466284179
650.3918708748779
648.9748951213378
647.5579193677978
646.1409436142577
644.7239678607177
643.3069921071776
641.8900163536376
640.4730406000976
639.0560648465575
637.6390890930174
636.2221133394775
634.8051375859375
633.3881618323974
631.9711860788574
630.5542103253173
629.1372345717773
627.7202588182372
626.3032830646972
624.8863073111572
623.4693315576171
622.052355804077
620.635380050537
619.218404296997
617.801428543457
616.384452789917
614.9674770363769
613.5505012828369
612.1335255292968
610.7165497757568
609.2995740222168
607.8825982686767
606.4656225151366
605.0486467615966
603.6316710080566
602.2146952545165
600.7977195009765
599.3807437474364
597.9637679938965
596.5467922403564
595.1298164868164
593.7128407332764
592.2958649797363
590.8788892261962
589.4619134726562
588.0449377191162
586.6279619655761
585.2109862120361
583.794010458496
582.377034704956
580.9600589514159
579.543083197876
578.1261074443358
576.7091316907959
575.2921559372558
573.8751801837158
572.4582044301758
571.0412286766357
569.6242529230956
568.2072771695556
566.7903014160156
565.3733256624755
563.9563499089355
562.5393741553954
561.1223984018554
559.7054226483153
558.2884468947753
556.8714711412354
555.4544953876953
554.0375196341552
552.6205438806152
551.2035681270752
549.7865923735351
548.3696166199951
546.952640866455
545.535665112915
544.1186893593749
542.7017136058349
541.2847378522949
539.8677620987548
538.4507863452147
537.0338105916748
535.6168348381348
534.1998590845947
532.7828833310547
531.3659075775146
529.9489318239746
528.5319560704345
527.1149803168945
525.6980045633544
524.2810288098144
522.8640530562743
521.4470773027343
520.0301015491943
518.6131257956542
517.1961500421143
515.7791742885742
514.3621985350342
512.9452227814941
511.5282470279541
510.111271274414
508.694295520874
507.27731976733395
505.8603440137939
504.44336826025386
503.0263925067138
501.6094167531738
500.19244099963373
498.7754652460937
497.35848949255364
495.94151373901366
494.52453798547356
493.10756223193357
491.6905864783935
490.2736107248535
488.85663497131344
487.4396592177734
486.02268346423335
484.6057077106933
483.18873195715327
481.7717562036132
480.3547804500732
478.93780469653314
477.52082894299315
476.10385318945305
474.68687743591306
473.269901682373
471.852925928833
470.43595017529293
469.0189744217529
467.60199866821284
466.1850229146728
464.76804716113276
463.3510714075927
461.93409565405267
460.5171199005126
459.10014414697264
457.6831683934326
456.26619263989255
454.8492168863525
453.43224113281246
452.0152653792724
450.5982896257324
449.18131387219233
447.7643381186523
446.34736236511225
444.9303866115722
443.5134108580322
442.0964351044921
440.67945935095213
439.2624835974121
437.84550784387204
436.428532090332
435.01155633679195
433.5945805832519
432.17760482971187
430.7606290761718
429.3436533226318
427.92667756909174
426.5097018155517
425.0927260620117
423.67575030847166
422.2587745549316
420.8417988013916
419.42482304785153
418.0078472943115
416.59087154077145
415.1738957872314
413.75692003369136
412.3399442801513
410.92296852661127
409.5059927730712
408.0890170195312
406.6720412659912
405.25506551245115
403.8380897589111
402.42111400537107
401.004138251831
399.587162498291
